105
417021999 1
5 3
195 99
4 3
538816732 85
197550894 70
99 99
6 2
417304805 46
199 99
102 99
198 99
4 2
2 4
2 2
4 4
3 6
3 1
3 4
2 3
2 1
4 6
443452894 88
2 99
1000000000 2
1000000000 94
6 3
4 9
345560726 67
999999999 99
197 99
783314473 84
876389147 87
98 99
999999999 2
197 100
1 10
593065517 43
7 2
4 5
102 100
273049978 17
1000000000 100
1 1
3 99
100 99
97 100
8 3
4 1
671654092 96
3 5
27387596 54
199 100
1000000000 3
201 100
138 6
128124448 100
200 99
201 99
114382 1
100 100
5 2
4 7
101 100
999999999 1
203 100
99 100
198 100
98 100
1 31
236088977 100
2 100
1000000000 99
3 100
140386937 94
3 3
200 100
1 3
101 99
97 99
670467508 92
5 1
3 7
103 100
1 100
313424185 10
96 99
1000000000 40
146755893 1
2 5
670528042 10
1000000000 1
142120133 69
196 99
999999999 100
1 73
999999999 3
3 2
997184809 100
9 3
1 2
7 3
4 8
1 99
202 100
